2922 922 2411 174 2890 20 757 2522 2152 2467 1702 685 2395 841 2600 2720 1670 1561 178 1298 628 230 99 294 1905 2763 507 2103 1767 225 403 952 829 2493 2549 2076 1683 2829 755 2466 2676 498 536 1271 2853 1662 2229 2481 441 1891 2263 562 1580 1869 1612 1416 1747 1860 1970 1788 1044 977 2907 66 2023 2001 1988 10 2896 685 1193 2800 2751 633 448 63 1720 2596 2763 545 308 472 2394 1810 220 2662 56 1885 2069 1216 851 143 974 2930 2089 2114 890 2233 1922 1575 
62 786 2102 1173 2590 2262 2138 2789 1309 1988 771 2886 1432 1683 1203 2428 1734 2857 1171 611 1653 588 344 2644 2274 2746 1018 2629 2521 1288 1605 92 2594 1653 1458 2336 14 2950 1010 930 860 1142 2569 1810 995 23 1500 2293 679 2807 1720 1102 2828 2646 516 2886 1055 1176 1088 2857 975 569 2859 2286 823 314 943 99 62 573 1450 1103 126 1714 1984 221 1650 661 2841 827 659 152 2466 2385 174 2777 493 1442 58 2887 11 547 1733 2798 2407 880 894 1816 781 2434 
2076 725 497 1078 630 1499 1783 1937 955 923 147 2227 447 581 2774 243 2690 1128 1535 1262 2118 786 2408 2276 374 2195 1497 193 1785 2428 1916 2808 1672 1988 1871 2819 2805 1728 2828 2752 1247 974 2354 2638 1079 2941 385 1308 2076 369 2971 1225 2518 831 1657 798 1335 2699 910 289 1200 2126 1307 544 789 1718 2599 1503 1602 1831 1702 83 1906 2640 2631 2759 991 109 1105 1976 1757 2775 1033 991 644 1203 1728 2972 389 851 322 2972 685 558 995 2651 1889 821 1847 1841 
1580 823 990 70 522 1009 2869 1218 1337 2234 401 2393 205 2003 734 2877 2361 958 2334 606 1222 2646 1682 1526 2003 2849 2483 2869 2178 738 1600 2716 2833 1398 583 2169 385 1010 2608 1134 2583 1511 1973 2422 1333 885 81 2888 2347 672 2367 1010 1239 2381 1159 1875 1425 683 800 2022 1657 2697 658 2588 447 277 660 1402 2433 2950 2004 132 1552 1323 1973 2398 598 1843 996 1216 1175 1190 1545 912 384 2157 2676 909 1162 596 2648 7 1493 2762 497 1343 196 2756 2605 2719 
1248 1158 2770 769 1135 1060 937 116 2514 1903 1169 1193 595 1150 2404 2169 100 398 1228 2173 803 1831 111 1997 1515 2047 168 1157 1766 191 48 605 622 647 1058 589 1216 412 1368 2119 2589 420 338 1314 848 1526 2324 290 1916 1216 2381 724 2971 2664 2802 2898 1107 952 2405 1879 313 895 502 827 1404 2392 303 140 2499 352 2871 378 1241 2755 663 1624 956 1736 705 2218 2114 1304 708 774 2487 264 2809 1887 842 2658 1831 931 816 2703 1866 2529 128 941 533 2947 
301 1821 645 1026 1148 1997 1962 582 1564 401 2449 341 1287 2107 1563 2373 2339 2841 923 2356 961 2506 982 1289 2605 2735 1721 899 642 19 282 1322 565 1420 2201 438 2242 2707 2714 1598 1531 2442 1704 1474 2537 681 87 1895 1830 454 802 672 2767 1440 2782 647 1079 489 1272 645 2556 2564 2031 2 121 2871 2039 1509 2648 444 1429 504 2972 441 1566 2643 2394 2820 1604 336 1980 2783 1046 1396 1556 1503 375 442 2613 227 2035 1995 584 2030 834 676 1593 2942 2941 1881 
1637 1208 482 1827 269 566 431 542 2933 799 461 964 407 1278 130 340 579 1849 1156 1475 2509 2466 1346 971 712 1580 1235 2243 490 1548 845 373 2037 667 2838 2710 1178 2682 1572 2788 1699 1426 623 2313 2108 400 2476 1974 2814 1793 2718 2940 2857 1809 2140 1313 2769 938 2848 80 2513 2152 739 1068 14 2169 1273 1641 1913 1053 2050 854 1159 38 1612 510 1246 1785 2322 2864 1788 1480 682 1934 870 157 2902 2061 2615 953 2888 2039 959 2341 5 1987 2313 2156 1852 1672 
1423 1943 2013 2526 729 210 882 981 2171 1552 2842 2490 2283 955 763 1375 419 2397 1058 800 1289 744 882 282 1306 1021 1397 1435 2872 1402 266 577 714 1138 1797 811 1670 1087 2026 2804 2676 412 2821 2000 254 2747 1354 2335 2317 2949 730 2460 2161 85 1111 1339 2619 2625 1815 111 2198 1686 222 1888 2443 609 2282 1729 2098 461 1270 1767 2265 2409 2758 840 1297 989 671 2332 1237 1949 2101 339 1983 2039 2489 2776 2763 1186 1490 2319 887 1429 2404 1933 558 287 1513 2118 
2379 2251 1573 2958 2055 1559 2266 2673 554 1210 304 2797 1387 1436 2169 13 1286 1095 0 2536 821 615 2764 1131 2957 850 2378 2900 94 2639 2852 1682 1478 1765 2291 2493 1827 383 287 2397 150 2113 1246 1032 62 1962 420 2434 2080 104 2708 2490 2353 82 2131 456 295 878 1608 2404 1514 2522 2098 1033 12 2336 2322 2748 1379 1341 2561 1165 2661 2959 26 2855 2690 2886 925 502 2219 2339 2525 741 2484 2624 280 1725 432 73 177 2626 410 1676 2695 1195 1722 1918 1780 256 
1512 1914 2497 2488 1954 1738 562 464 1559 1256 2145 270 1654 389 2106 1983 66 2210 2705 2109 936 1725 2264 2079 2807 2188 2286 2067 1652 2321 393 2337 179 1365 2306 1519 830 763 1047 1810 552 2106 2113 2928 2765 1890 2633 703 1545 667 467 1624 1680 2640 1315 1260 1414 2619 2513 1397 2085 1091 790 1542 2018 1996 430 2230 2127 383 618 1090 172 267 557 1860 752 1440 714 2446 2514 753 2941 1666 2461 1300 2243 917 1706 197 635 1485 841 1712 1923 339 1303 2323 1044 1959 
675 1507 1923 924 2174 2922 2522 2602 2112 514 1535 613 1802 84 1489 1532 2927 1622 2608 1652 509 1497 1349 2001 1545 1954 1282 2486 1911 1147 113 2574 295 2910 73 2796 2548 1706 2943 941 1122 623 2894 353 1743 2110 2666 1798 1210 1652 2164 2847 800 700 2652 1242 2239 2631 712 967 1342 2792 32 423 888 272 634 1218 2762 1128 410 974 2550 1752 1823 310 775 1888 1134 1970 796 2447 448 1004 2829 349 225 705 2046 718 106 1659 1498 2109 841 2283 2503 2298 1963 1857 
2416 2236 1860 1769 2313 2918 1733 2160 1439 1717 2898 983 2068 1322 500 212 2779 2973 937 1296 668 2170 2180 273 111 1179 2497 1384 768 1950 25 1030 1819 964 925 2545 935 598 1726 982 1631 781 1198 1188 258 157 1521 397 1289 418 899 2885 1893 2535 2015 1925 2668 273 981 308 1186 1699 158 2526 1358 575 1534 374 1017 2417 1648 363 86 1250 1629 2660 1547 413 1278 734 107 894 2336 485 2040 1193 2660 106 2734 1031 134 2592 1912 2530 1257 2189 950 238 182 1599 
2970 2429 2706 964 1432 345 1430 1710 500 2234 1514 1557 1514 2661 2743 280 144 1486 174 705 1246 78 2148 747 1458 895 683 1616 1764 722 15 2814 982 1216 777 666 1798 154 315 1888 1524 2266 2128 2460 335 527 1718 1849 1175 1203 530 2915 2016 2326 2535 2180 2028 2017 827 1251 2519 988 2773 2141 684 38 2187 2140 514 497 959 2965 1110 2445 239 1680 2937 2441 1597 908 2329 48 538 1551 586 2298 677 309 930 2978 2616 2062 2131 1519 2812 1144 2191 1356 1127 1541 
2230 2126 1289 1750 678 2507 1623 2654 502 1229 2296 1733 1158 2058 2154 1354 2189 1054 848 1976 2650 2868 1102 945 2569 1938 1925 67 2833 569 1644 1814 1184 36 527 2791 625 1336 1950 2564 2514 1441 1034 898 2179 2150 714 2678 1122 454 2323 2411 941 1215 1957 2244 274 389 2690 2604 1954 1573 2915 51 957 474 468 2542 57 282 2615 1723 1391 206 652 1331 490 1113 1420 2293 1433 367 1085 2283 2561 423 1165 2629 2548 1401 983 185 1209 33 2405 187 1249 1422 2242 2836 
2706 39 1376 1581 1309 2572 2860 1732 501 100 54 2815 1416 2817 1685 603 2506 2853 778 440 2948 668 1232 678 3 894 1555 1618 843 806 2170 2075 1956 2655 1845 99 1145 1838 2556 738 1773 261 378 523 875 2038 223 2156 2496 830 884 808 1353 112 2229 1546 2293 2627 744 1620 38 487 322 1978 454 576 1455 1419 2335 1690 2444 818 2188 945 233 2429 2488 2702 1344 1796 2227 1297 1466 2450 2025 170 2614 1984 843 1064 2237 1128 1606 1192 1235 373 1808 1670 808 1912 
560 375 566 770 1419 2359 817 2712 903 2852 662 1308 1646 1688 490 2263 610 2643 1882 2122 1550 750 2149 1629 17 2726 1325 421 2723 35 2602 1722 152 2775 1551 955 2022 287 540 286 2645 2035 2570 2939 2540 1876 294 794 2454 1510 2440 303 734 226 1069 620 239 2495 2859 1292 1334 1309 1197 223 2650 96 1248 1673 612 363 2496 1337 2469 114 1529 2735 2475 1115 2398 2278 1646 847 488 1340 1011 1175 2416 1059 465 2109 1475 1243 2737 1817 2934 1642 1246 2374 1696 2965 
1716 1595 533 2332 2043 2097 2461 1671 920 857 1373 2746 1724 2558 2953 104 2854 958 1005 565 137 2113 57 2552 1587 2611 1839 700 2805 1601 872 1267 530 1111 2693 997 667 2803 1682 623 1418 2624 2932 133 1759 108 318 2647 82 376 961 2852 1896 2069 2876 1299 1895 2231 702 424 1170 712 1276 2777 790 1815 2195 2118 2862 404 2172 1555 1220 227 2263 2288 350 639 985 1916 2104 1586 695 1367 702 872 1479 1 2936 2388 892 180 135 2184 2277 2548 1554 1250 1647 53 
1269 2356 2228 1689 1011 1678 2590 138 2381 1420 1053 164 776 2604 31 1548 1239 1729 1339 2125 214 2420 895 833 2502 1986 176 2517 1636 1603 2417 1013 874 1095 912 2838 2881 2287 2084 2898 348 1537 1257 1916 2442 2825 2057 1247 1310 312 2793 2192 439 379 199 905 257 202 1075 1413 1601 2342 2005 1322 2817 1775 851 2953 394 1568 668 218 1952 314 2575 400 2520 1829 1346 463 2818 2744 257 1909 1994 953 476 2967 291 2035 2185 1218 617 2269 243 2448 2517 517 1801 2242 
2763 1206 1180 1265 2255 49 2895 1743 2179 0 2411 1104 2342 2215 2133 59 1184 678 1519 393 274 55 2707 1685 65 2262 65 924 1168 1147 1227 710 506 2186 395 776 778 550 1206 384 669 894 2757 1975 300 2940 380 842 2197 1034 1210 2013 2966 1166 2780 2205 2373 2356 1410 2749 2147 833 496 1483 1692 2707 1973 117 75 845 2172 2133 1560 857 2704 1408 196 90 2698 1725 1092 1423 2850 2710 2473 1594 2957 1484 1249 889 1123 2241 803 1154 1894 1215 2677 359 2879 1649 
366 377 2184 2086 2497 546 2826 1142 716 621 2133 2691 1671 132 1878 2256 634 660 1383 1215 1660 2274 299 1993 678 320 1300 952 295 186 154 415 2298 2005 2910 347 2118 2073 2706 2710 979 390 800 1720 283 2906 1147 549 771 1226 74 936 620 1616 1382 1973 875 1089 1730 2617 2844 1083 1254 2364 405 2974 2805 887 797 2905 2485 2109 842 2332 314 2313 2693 2132 2799 619 1375 25 1772 804 318 1936 375 2442 2032 1396 1096 1500 2585 2798 1545 146 2503 1604 969 2956 
2860 2212 1365 2217 773 2500 939 2134 1613 972 153 2167 46 49 1729 1990 1087 1280 1423 978 805 2167 2296 2059 2832 2307 1527 1737 1284 1571 1569 356 742 1792 969 653 2209 2209 1761 2514 323 2063 2378 1597 1810 1622 1954 1405 302 2500 968 777 2896 2790 2540 418 2761 2293 547 168 2679 2212 15 502 557 1468 505 1460 257 2558 520 2359 2158 2862 803 1851 2781 2753 2382 1767 2720 109 528 2541 108 2063 1887 2705 203 116 247 632 1308 2818 984 2029 769 1139 2793 1836 
2273 790 887 2922 1535 533 2286 2465 2569 2008 1199 1553 1204 1010 124 723 966 672 1069 219 532 1574 1355 1328 957 2708 2367 431 2009 2647 2576 483 1826 578 2561 2129 2945 2098 1973 2253 530 2212 561 2774 978 910 673 2622 502 956 2502 2436 2186 1526 836 1105 900 1947 1828 1656 1231 979 2836 2365 362 2839 643 2763 1778 1551 2459 220 2960 507 1123 596 233 2697 1457 466 1530 2233 43 28 1218 1685 1898 2754 1103 1099 1423 48 906 997 650 2384 2286 1483 88 2286 
207 1897 10 284 1780 2694 1038 2418 2105 1462 1782 163 978 2368 127 739 29 2634 147 93 302 2911 1143 1070 1420 1574 1776 997 1576 2335 737 2878 2794 1802 1581 1383 1535 282 1697 2737 1432 2340 2920 173 1523 2873 2817 1522 1631 2919 818 525 815 2880 1634 52 2306 2608 2774 912 2128 692 520 2952 2110 2435 1064 919 929 1314 7 2572 14 2685 731 2631 2145 258 2022 838 2143 90 324 850 2679 144 316 2927 2784 102 854 2124 2477 2075 1427 1788 2373 445 1048 676 
1707 483 477 2129 1540 563 496 217 1518 456 1539 446 88 1429 2790 256 644 632 1430 86 2341 2016 2510 464 1690 1278 2181 2916 2972 2614 1784 2459 1354 2610 2291 1986 1147 2452 530 132 2776 1158 40 2231 2485 1594 1062 2477 655 2250 992 1193 1279 2038 1630 1434 2567 1149 736 921 2438 1447 2664 1142 354 1029 598 1405 170 1989 1417 2847 1691 2761 1285 439 1262 2658 226 1722 2599 1285 655 514 467 1997 2595 426 1080 2220 693 664 1805 1241 2888 1920 2485 297 182 842 
1742 1788 2438 2231 1001 2801 108 2961 1084 871 309 2261 1166 299 361 24 2406 659 1868 1172 989 367 2064 1016 1314 555 724 807 1164 2596 1775 956 1552 510 61 1694 1286 1847 1076 402 937 1416 386 574 961 1047 1801 1739 1760 2474 2839 1614 1534 2415 2774 213 796 85 2475 127 1244 880 2445 2558 2165 2278 1015 1697 1520 2656 2457 2405 1203 2642 19 1315 2242 716 975 617 2607 348 112 220 666 2928 570 627 2706 2566 1978 1883 916 2205 2477 2298 2965 884 2254 2355 
1713 2453 776 2600 2763 2428 305 774 891 2072 2448 2457 234 781 2546 890 186 1040 2977 927 294 2768 2393 1641 1038 974 2909 419 2184 817 1206 2525 1882 1290 382 2261 1479 111 2150 2281 2311 1318 718 2456 2528 469 2626 407 1371 681 2035 91 1661 1343 1490 2038 2687 1529 593 1006 2519 2912 2193 455 1808 859 1187 2255 1565 2738 800 2662 2410 1423 1377 271 2056 1664 1001 2712 2370 545 270 2095 1065 1854 2415 2516 2613 2085 2758 103 1178 1140 1448 156 201 764 1027 152 
936 712 2821 1019 2606 746 2270 1679 809 1456 1924 443 518 1236 1514 2335 916 1661 279 100 1899 535 1430 51 2879 2684 1420 1948 1084 1099 2973 531 223 2585 2034 1937 1499 1587 2820 2155 917 2870 655 1739 364 612 2257 2534 1284 1918 2292 2321 722 620 1793 468 2083 2747 2225 667 2573 2872 2092 449 2877 2314 2623 988 2838 123 1002 2687 211 115 1523 2723 1465 2932 381 2317 614 2273 1545 2425 1467 2016 2662 1397 570 1769 240 1054 2945 1685 1867 787 2605 2526 2658 1825 
886 1148 561 1738 927 1577 1221 107 62 1276 1432 1690 1575 2078 1481 533 293 269 2837 133 2011 2585 1352 2949 2865 2399 1543 2476 1028 2783 2374 1544 414 2232 236 1650 1594 822 2437 391 600 594 1381 1381 2182 680 89 2213 80 1008 61 2188 1433 1607 1410 1365 1486 1253 1606 2658 1764 995 1697 2682 2084 606 2826 1331 1216 212 1443 903 956 177 1042 1624 289 1017 2709 1200 2252 455 879 1077 1791 2822 1957 626 1508 77 1805 488 874 89 1739 2100 1451 1585 340 655 
1519 166 2748 1526 2461 501 2710 2196 1712 424 720 1762 2868 1336 1663 1530 1987 2701 211 2035 1857 475 2302 362 1256 2275 1113 2718 996 2420 681 2709 570 1327 510 832 2912 2207 1757 731 2156 2004 1267 1919 1986 1649 1515 2816 2358 428 828 1118 2295 2361 2026 1405 1180 2685 472 2720 1308 940 1630 2243 1608 585 2044 2367 1128 2967 1269 1334 2098 2034 512 1419 1049 2025 2903 2374 1572 370 843 2607 914 1636 21 336 2949 590 1890 1625 315 2953 1592 958 176 2941 1334 791 
2104 2632 1263 1876 718 350 651 110 1936 1540 688 1596 1612 382 2868 2870 1006 831 1131 946 802 218 2702 1378 2821 1698 2273 1181 2080 194 429 910 2488 1478 2678 2424 85 1287 310 915 2155 2211 2183 1378 2624 2635 2786 273 952 1044 2782 2338 1857 2141 742 193 1551 1564 2472 590 2831 1143 2826 1327 2132 1198 2692 36 816 528 1622 1668 2584 2693 240 1044 2372 561 1874 450 0 1054 1366 1020 427 267 2057 0 2970 2337 1176 2344 1416 2326 23 1500 2088 1248 2969 1649 
2393 268 784 2435 2528 1803 2431 2791 2400 1952 1824 196 70 451 1284 1443 2863 2343 330 376 1274 1320 1601 366 17 2743 2268 2259 558 2012 2558 1237 864 1790 2431 2836 960 1187 417 2436 2470 2619 971 2572 1373 1392 2820 1805 1724 994 2818 841 2578 2618 1778 2781 1345 602 1271 590 178 853 2592 1830 1988 2812 2938 1798 285 1367 986 643 829 898 1906 1365 359 906 2576 153 2536 145 1228 1065 717 2893 2264 1699 2552 1203 1790 434 2177 620 1373 828 82 272 2862 1348 
626 643 552 389 260 926 899 608 1405 2809 403 1873 2752 148 1908 1915 2939 2115 412 2756 906 2843 2432 542 412 173 2810 2771 2943 41 2378 837 2631 2204 2157 2323 2958 1754 1695 350 1885 2771 232 852 2734 334 2693 979 1688 1722 2445 939 1998 635 1462 2917 2135 1058 1458 2695 2636 1344 1096 2175 375 249 531 620 1522 717 39 2012 1100 2464 1643 562 1020 826 1924 1481 322 1256 2247 447 2749 1155 2118 872 442 162 1337 576 187 575 1138 154 1198 1821 476 2299 
363 1891 2883 663 1982 2858 25 1989 1458 1785 825 1970 399 1351 1772 2635 1779 374 2337 2107 2321 805 1833 2882 482 13 2453 549 2581 1684 2502 1520 1383 2480 1050 1030 1479 2342 2258 2218 2194 1541 1256 1956 1079 1247 1057 2528 113 2205 1184 1864 85 315 1516 484 1178 304 2738 200 831 843 2028 2290 1621 1700 1466 583 2092 441 153 2578 752 2032 1962 2730 844 408 71 2865 2158 2346 1638 2327 2906 991 439 455 1415 2939 921 424 2141 2876 2160 198 34 2788 309 1531 
2094 2505 336 739 2005 569 2414 1805 1561 709 808 720 439 812 1501 1963 480 397 2059 131 2909 2734 80 1760 2820 1173 2682 604 2375 378 2186 959 2488 479 2556 1503 332 240 278 1203 1724 416 1993 144 1556 2067 2440 1076 961 2707 880 27 1970 613 2786 1309 1683 1482 940 121 1439 2528 1677 693 75 764 1703 1320 2714 207 1730 2512 254 2043 2552 2125 1347 1862 1362 442 1530 2730 2069 577 155 2364 82 511 1256 46 2046 1693 2183 256 2549 2774 2667 1915 697 1663 
1532 1105 2059 417 577 2187 304 579 1055 2694 543 1747 2018 48 1503 1624 2510 2549 977 1816 880 1025 1706 2776 2367 1789 2324 1255 1867 115 1033 1941 984 2046 1626 1507 404 2975 1587 2903 133 2424 785 2784 377 2696 710 937 36 1301 1068 517 2312 1425 1669 63 1439 2665 57 79 644 643 859 2299 2432 2002 2355 2578 2303 2184 1313 1831 1773 26 2284 2906 169 2927 1271 236 1165 243 2205 1156 1171 1192 2406 339 870 198 1936 1823 2514 636 1146 94 1024 2144 2449 1135 
2927 1047 2706 722 1730 708 1079 1694 2952 1346 419 1911 2133 1774 2285 2003 2924 684 2201 2004 297 962 91 2661 1711 2645 31 965 2134 2849 1748 1931 1346 1803 741 767 2704 2157 172 2567 1645 2341 2612 2973 1426 1703 49 525 332 2194 416 2065 2156 1588 530 1238 1944 1805 795 1195 660 1688 847 2667 2945 2831 272 2560 548 1974 2966 510 2439 1357 543 869 2121 875 1579 1045 2104 1624 1910 1168 729 1379 27 1821 2764 907 1379 2667 1962 1686 2879 970 1719 1948 2538 2046 
1294 1929 1128 1391 259 2747 555 848 2420 315 1528 1430 882 73 1164 2239 641 187 1457 1766 2942 1792 495 715 2377 1313 2613 1255 2048 778 2300 1395 894 2801 1518 1998 2212 2226 166 1456 164 935 2777 895 2319 152 1743 1797 2471 801 1463 2570 1941 2712 2074 2601 747 353 199 664 928 131 2401 1679 2597 1354 1957 2811 904 513 1165 299 836 1987 2401 2214 451 1975 946 1507 2812 2065 1694 203 2208 2755 232 1105 2040 1079 590 1027 1378 13 422 2115 1724 2139 1125 2720 
1074 1488 1594 1081 368 2479 55 625 939 509 2635 1257 420 2317 2770 1980 2441 1453 254 777 1109 1963 1521 2636 2825 2158 377 16 2835 2723 772 156 1864 1760 833 1863 1840 606 69 2015 1321 274 1501 31 2720 1855 1124 1580 2486 2699 1478 2135 1622 1822 677 1403 1347 1081 949 2066 731 2311 248 980 2892 2330 1090 1392 1842 1748 2743 1442 2804 823 1820 2189 627 2606 596 1956 225 532 2922 2911 2697 1302 386 740 1480 2937 1559 2936 2541 2360 65 2941 2889 620 1572 2431 
679 1682 845 309 1206 2232 524 575 1285 451 111 2378 1529 765 2395 2119 434 345 694 418 2675 1191 196 2179 1958 2620 1826 2873 1496 2863 1722 596 65 2329 1471 124 2179 1373 2228 622 437 1215 2711 2797 1484 1918 1869 2762 1922 163 821 766 2537 1458 2291 1774 1313 906 357 2103 1715 749 2858 2030 535 957 1964 460 2684 1868 1686 2634 2350 1843 304 1543 901 1465 1190 2970 2169 298 1405 1231 2927 1111 1146 871 2555 1690 2131 320 2661 1784 2819 223 625 1225 1216 2008 
600 578 1895 2494 1536 1417 1988 2277 2639 158 1406 2325 1179 590 1981 1396 484 1322 881 2654 1585 2474 453 1461 316 843 343 2400 27 2801 1556 1825 1507 2302 2828 2486 2564 560 2125 1476 2249 2312 539 1372 1342 2677 2472 2031 2389 1945 333 635 2758 2583 670 2486 2662 1343 2690 430 1808 2335 33 1713 2849 2615 2254 881 442 1174 2825 155 2741 1484 593 1770 2006 1371 713 2069 960 898 445 1549 926 567 2108 1911 779 1329 2929 2343 2046 1895 1272 1462 592 1038 2908 1750 
798 831 214 379 2200 1996 1158 959 1414 1518 1605 2137 2791 2555 2577 2456 956 2830 2047 1819 2956 1734 1486 490 1150 844 1269 794 2140 722 1019 1152 2051 520 1262 1859 876 447 1262 1123 2157 698 7 2016 2945 2594 1812 2360 38 1489 2755 2257 2835 1274 2487 477 919 2809 65 2074 2243 1729 609 1283 1555 86 1451 1021 2047 1468 1039 426 1744 1728 2098 1670 1671 2579 1640 2288 1932 198 851 53 118 2735 1557 652 1103 1665 1434 2865 2833 2441 2659 2240 544 735 1285 751 
2496 1032 2926 550 945 2694 1995 2617 1351 1658 2634 517 854 605 1277 2372 1522 1013 2613 1002 1368 699 2302 2261 602 2275 596 2081 526 1407 1501 1599 247 2224 27 2187 2776 2858 466 464 739 2246 81 1700 2772 1710 1293 474 215 159 995 648 79 2257 591 1212 1032 184 790 1050 1184 2923 1132 1905 242 553 367 783 351 2905 2668 559 1314 1514 2389 569 930 1378 1450 2967 2605 307 2579 2028 1777 1726 460 2479 832 257 1214 1273 1016 2429 2156 2740 966 2444 2919 2154 
1270 917 1726 103 1349 665 2438 1619 28 2842 2817 364 381 916 2428 581 2055 497 18 2911 52 2773 1035 595 2244 1863 1305 183 2298 2078 814 97 1238 1137 268 2509 2837 2398 2904 1591 2290 2354 262 2087 1742 2396 213 1118 2847 1853 2569 2498 1666 993 983 97 1939 1958 2545 331 820 1728 1343 599 2600 2123 403 1411 371 586 1361 2800 2467 2451 2897 115 141 561 188 2329 1454 1832 1099 1991 971 2010 405 348 135 2463 1980 927 419 2148 42 2134 1574 2110 558 642 
2339 2594 1210 1790 1282 2052 534 1875 1852 1543 2855 2046 383 2940 2545 157 319 2626 1364 2207 1302 190 1539 1481 317 2603 378 457 2613 637 2837 1297 490 2939 2838 869 237 1389 2400 1610 2715 2008 140 2177 1385 1518 1353 2402 2191 1602 2804 2383 109 2581 1540 35 245 1205 700 2657 568 1127 1097 2300 1626 723 1274 1200 245 957 28 688 998 802 2569 731 1215 2731 2197 1089 828 1072 34 2857 1785 2331 1040 400 1345 2659 566 1650 2640 1958 408 2662 2475 138 899 2115 
807 1633 547 517 2491 607 171 2329 1882 1883 2183 2754 519 2580 2346 2707 1587 456 1549 1335 2425 1258 2231 479 2127 883 1118 351 1437 2168 109 998 2632 1037 2248 2935 1232 842 1837 519 1436 2749 1289 2590 1384 42 947 2183 2827 439 2533 1302 460 1454 577 1532 9 2928 1476 2218 817 417 353 29 2755 2918 526 626 967 210 1483 2725 39 1615 2631 649 1945 1643 2599 961 2578 1237 1187 1092 2560 2101 2671 2605 2658 2424 201 2186 2252 1415 244 653 1449 2217 2852 275 
1828 2602 2787 2491 158 1536 2591 3 1913 993 159 1053 1303 2671 2733 137 551 509 369 2150 830 2863 2459 635 428 1720 2469 2498 2338 2520 1219 2339 2171 2191 736 2969 471 1093 1814 731 406 2013 388 1564 1720 410 542 2833 1418 1661 2767 1596 17 1021 2074 1322 1455 463 2321 1030 145 456 1891 1397 2150 1938 2350 2021 1428 1750 107 771 2058 2827 2045 1570 119 2314 2598 1319 1717 2778 2543 1764 79 1072 2770 2850 862 1004 417 2464 505 1712 736 2059 457 2101 2534 1408 
17 2298 2204 649 1062 2796 53 893 1348 1793 2097 504 1000 16 341 468 901 1528 149 760 1914 1134 2401 2672 261 2207 861 1293 451 752 1269 1095 1009 1968 789 2224 2216 1800 2921 2803 2245 588 1134 1122 614 253 1779 1936 1172 2959 1387 1841 1404 1973 456 229 2664 2442 549 1420 768 552 1341 2005 2621 890 75 2338 1138 2035 1747 2821 2494 2167 1404 144 651 2857 2568 264 1569 2946 2505 1315 1583 1687 1065 1198 1832 1616 2693 1536 2330 2113 2397 910 1249 1082 2287 641 
43 659 356 2164 1590 414 2072 2920 589 2673 750 1874 1135 276 27 1212 1764 278 859 409 1736 781 1067 1532 21 2196 1952 754 1303 179 923 1287 1387 1391 1585 2925 1716 301 1652 602 521 2301 427 2492 2165 653 427 1047 2421 1192 81 2211 809 483 752 7 2015 1139 373 38 2306 2089 1410 1087 1789 813 1741 1927 1624 699 1731 933 2849 2563 1477 2470 1781 1878 2700 1666 860 1501 1312 2407 1178 1992 888 1093 279 219 2229 810 1520 1706 761 523 1853 1256 342 2751 
1613 1983 1161 1599 1352 2139 1142 2884 1957 929 1672 1103 1202 1255 119 524 20 1950 2770 1743 2716 1399 1048 1614 1456 998 2930 2158 472 2044 2289 248 2355 8 778 1820 616 2728 66 65 2522 576 2651 330 1852 2401 1939 1822 1710 1778 1574 2398 1650 444 1904 385 760 1341 2505 2942 2393 2807 1723 1957 1772 335 103 99 828 2482 2667 1011 1416 975 62 1608 810 357 1117 589 966 2070 1628 2926 2664 1895 2758 1646 2478 1055 109 1112 2935 1239 1797 2130 1270 2556 455 887 
2749 645 1231 2837 954 2019 1687 934 1687 1151 1222 2855 1698 855 606 2552 2605 401 2607 1225 1080 2508 135 1812 2829 2453 1374 650 1178 2151 800 1967 1650 551 628 121 1351 2326 2699 1046 1388 583 1399 1072 2498 113 1752 2069 1115 723 2618 1980 202 106 691 1678 1318 1049 2448 2955 365 1100 670 854 1025 2330 25 1147 1443 308 2685 796 35 301 1966 118 2647 1850 1627 815 866 2772 397 548 1170 431 590 689 2410 2783 462 549 2281 1002 2221 2670 308 2656 2876 1301 
